50
1          9          1          0
2          4          1          0
3          3          1          0
4          6          1          0
5          4          1          1
6          3          1          5
7          3          1          0
8          8          1          6
9          9          1          0
10          2          3          2          6          8
11          1          1          9
12         10          1          0
13         10          1          6
14          3          1          0
15          1          1          0
16          9          1          0
17          4          2          8         10
18          2          1          6
19          6          1         13
20          8          5         10         12         14         16         19
21          1          2          7         15
22         10          1         13
23          2          2          1         11
24          6          1          7
25          3          1         14
26          2          2          5         12
27          8          2         12         13
28          4          4          6          8         13         14
29          5          1          7
30          4          4          6         11         15         26
31          6          1         27
32          9          1         14
33          6          1         23
34          1          3          4         16         22
35          9          1          0
36          7          2         20         24
37          1          2         10         18
38          1          3         21         30         36
39          7          5          7         27         28         32         37
40          5          4          2          4          7         14
41          2          5          6         15         26         35         37
42          5          2          1          6
43          9          4         10         15         22         30
44          6          1          0
45          6          3         24         27         37
46          5          6          2          7         15         23         25         41
47          6          5         15         16         20         33         44
48          2          5         23         28         29         40         41
49          9          4         30         39         46         47
50         10          3         20         32         46
