50
1          1          1          0
2         18          1          0
3         10          1          0
4          8          1          0
5          8          1          0
6          8          2          1          2
7          3          1          0
8         11          1          0
9         19          1          3
10         12          2          4          5
11          7          1          3
12         12          1          0
13         15          1          0
14         11          1          0
15          2          1          0
16          1          1          1
17          8          1          4
18         15          1          0
19         14          1          1
20          7          1          0
21         17          1          0
22         16          1          0
23          4          1         15
24          7          2          4         15
25         20          2         12         19
26          8          1          0
27         10          4          4         10         13         16
28         15          3          4          7         13
29          7          4          3         12         13         18
30         15          2         20         21
31         13          3          7         15         17
32         11          2          7         13
33         17          5          4          7         15         17         27
34          8          3         13         17         22
35          5          3          4         26         27
36         14          1         21
37          7          3         14         26         28
38          2          2         15         23
39          9          3          9         12         14
40          2          2          4         11
41          2          4         11         18         21         29
42         18          4         13         20         29         30
43         19          9          5          7         10         13         15         21         30         37         41
44         16          3          7         11         15
45          7          3         11         37         39
46          2          9          3          4          9         13         21         30         31         37         39
47          2          5         15         16         18         39         41
48         12          1         42
49         18          7          4         17         21         25         31         36         40
50          4          6         13         19         20         28         34         41

